00000000000000000000000000000000 00000000000000000000000000000000 00000000000000000000000000000000 00000000000000000000000000000000 00000000000000000000000000000000 00000000000000000000000000000000 00000000000000000000000000000000 00000000000000000000000000000000 00000000000000000000000000000000 00000000000000000000000000000000 00000000000000000000000000000000 00000000000000000000000000000000 00000000000000000000000000000000 00000000000000000000000000000000 

00000000000000000000000000000000 00000000000000000000000000000000 00000000000000000000000000000000 00000000000000000000000000000000 00000000000000000000000000000000 00000000000000000000000000000000 00000000000000000000000000000000 00000000000000000000000000000000 00000000000000000000000000000000 00000000000000000000000000000000 00000000000000000000000000000000 00000000000000000000000000000000 00000000000000000000000000000000 00000000000000000000000000000000 

00000000000000000000000000000000 00000000000000000000000000000000 00000000000000000000000000000000 00000000000000000000000000000000 00000000000000000000000000000000 00000000000000000000000000000000 00000000000000000000000000000000 00000000000000000000000000000000 00000000000000000000000000000000 00000000000000000000000000000000 00000000000000000000000000000000 00000000000000000000000000000000 00000000000000000000000000000000 00000000000000000000000000000000 

00000000000000000000000000000000 00000000000000000000000000000000 00000000000000000000000000000000 00000000000000000000000000000000 00000000000000000000000000000000 00000000000000000000000000000000 00000000000000000000000000000000 00000000000000000000000000000000 00000000000000000000000000000000 00000000000000000000000000000000 00000000000000000000000000000000 00000000000000000000000000000000 00000000000000000000000000000000 00000000000000000000000000000000 

00000000000000000000000000000000 00000000000000000000000000000000 00000000000000000000000000000000 00000000000000000000000000000000 00000000000000000000000000000000 00000000000000000000000000000000 00000000000000000000000000000000 00000000000000000000000000000000 00000000000000000000000000000000 00000000000000000000000000000000 00000000000000000000000000000000 00000000000000000000000000000000 00000000000000000000000000000000 00000000000000000000000000000000 

00000000000000000000000000000000 00000000000000000000000000000000 29311e2a2b30353034273321282e2c2a d001bccfd5c3f601e6c8eee2adf2f3ef b4ddaeb3be9cbbdcb8a5c0c590d8dad8 2f392f2e33262b392d292f3324393a3a 00000000000000000000000000000000 00000000000000000000000000000000 00000000000000000000000000000000 00000000000000000000000000000000 00000000000000000000000000000000 00000000000000000000000000000000 00000000000000000000000000000000 00000000000000000000000000000000 

00000000000000000000000000000000 00000000000000000000000000000000 93b7789893b0b2afb78fc18593ae9290 28cbf825312d4da64a24ae5122af6e7b 1fb7f1182b133c9c362087330e986d82 7edb637b8f6295d38f6eac8e4fcac3c7 21610921300c3c5f370c402df1565651 21610921300c3c5f370c402df1565651 21610921300c3c5f370c402df1565651 1351ff1322fc2b4f26ff2f22e4474743 6c836e6c79595980655b696f55878888 00000000000000000000000000000000 00000000000000000000000000000000 00000000000000000000000000000000 

00000000000000000000000000000000 00000000000000000000000000000000 abe1adb5a4cabbc6caaee7c2addc9ca2 965b909c97a4a1fb96af2dcdbb3cc4e7 bd89aebeb8d7c22fc1dc5ed5ed69ed05 a9777da2a7bcc63ec3c54fc5c44deb0a 773548727d838f0a97810d947d13bbdb 8547567f8b8ea11ca6901da88823cceb 77354b717c7f8f0b95820c9b7a13bddc 6c273c6671748cfe8c79ff8d7002b3d1 2879262033080f6e192c412e136d5d75 00000000000000000000000000000000 00000000000000000000000000000000 00000000000000000000000000000000 

00000000000000000000000000000000 00000000000000000000000000000000 86a4918c858191828e8693a0739d868a d335f6e0ddbfc4d2b1d0f8e8d22ff9ed 0f84381e1306fb17f20e4829137e2e20 9f4fb3ab9db092d68db01dbcc83dc4c5 b876c5bfb6c8a304a9d23acde15edff5 dfabe9e5ddebd337d0fc6d02088f1026 b879c7bcb6bda307a0d539dae05fe8fe 5d484c61566c8cda6d7b0f91721a9dab d850e1ccdeb89f22ade602c7de431e2a 00000000000000000000000000000000 00000000000000000000000000000000 00000000000000000000000000000000 

00000000000000000000000000000000 00000000000000000000000000000000 1f252220201b231c201f1e2519232122 798a8880806d75706d71747d6e8c847e a6bfbaaeae94a6989a9ea0b192bdb4ad 5995806a64435448444b617040957061 a5f0d7b3aa8e919885a2acac90edc0ab cc24f8dad3b4b8c3a8c8e1d8c120eedc cf22eedcd9b9c4c8b2c8e1ccc11cf5e0 542a53635e4c7eac5c48eca4470fa391 dc46f6d7e3c0930aa5e7f4b4e8421819 00000000000000000000000000000000 00000000000000000000000000000000 00000000000000000000000000000000 

00000000000000000000000000000000 00000000000000000000000000000000 00000000000000000000000000000000 00000000000000000000000000000000 00000000000000000000000000000000 272d2a2929222a232625262d202b292b 48515249474142404147444741514e44 616e6e6564575c58575c5c62586f6961 ea1bd9f2ecff070407e217dde413f2e8 fed0f40a19e2196b00ed8861eab65872 478869444337115b1d5a491c4e83665d 00000000000000000000000000000000 00000000000000000000000000000000 00000000000000000000000000000000 

00000000000000000000000000000000 00000000000000000000000000000000 00000000000000000000000000000000 00000000000000000000000000000000 00000000000000000000000000000000 00000000000000000000000000000000 00000000000000000000000000000000 00000000000000000000000000000000 54b43b5d4d7792978f56b975479e595b 0fdf0e1228e00d7df3117b4e03c07698 b1cdcaada9a78ab195b9aa91b1cec2ac 00000000000000000000000000000000 00000000000000000000000000000000 00000000000000000000000000000000 

00000000000000000000000000000000 00000000000000000000000000000000 00000000000000000000000000000000 00000000000000000000000000000000 00000000000000000000000000000000 00000000000000000000000000000000 00000000000000000000000000000000 1d23151e1e222522251b24171c201f1e 36d6173e354484956e34c1871bb35e65 a951baa9bf8669f06dabf0a7be47020e 404b493d3a3d324035473e324249433c 00000000000000000000000000000000 00000000000000000000000000000000 00000000000000000000000000000000 

00000000000000000000000000000000 00000000000000000000000000000000 00000000000000000000000000000000 00000000000000000000000000000000 00000000000000000000000000000000 00000000000000000000000000000000 00000000000000000000000000000000 5c734c5f5b6e6f6e73597a555d6e5a5a ca98acd3d6ca053debc66e2cc1750f24 f8601efb06d7b51cc0fe03d3f85d3135 17191b161515101412171512171a1912 00000000000000000000000000000000 00000000000000000000000000000000 00000000000000000000000000000000 

